Turn	Angle	CH	Lambda	N0	1PEMean	Mean(Sim)	MeanEr(Sim)	Mean(Real)
6	0	1	1.06075	13762.7	279.109	297.87	1.60371	296.011	
6	5	1	1.07587	13560.6	278.222	300.421	1.6198	299.376	
6	10	1	1.09579	13301.5	275.951	303.958	1.63922	301.526	
6	15	1	1.08932	13358.2	278.305	305.12	1.64201	303.034	
6	20	1	1.08337	13466.7	277.078	301.701	1.62544	299.819	
6	21	1	1.08165	13494.3	275.915	300.134	1.61687	298.239	
6	22	1	1.07056	13644.7	278.365	299.341	1.62073	298.169	
6	23	1	1.05822	13817.3	280.793	298.296	1.61555	296.355	
6	24	1	1.0615	13748.2	275.146	293.181	1.6064	292.535	
6	25	1	1.03145	14183.3	275.961	285.269	1.57488	284.729	6	25	1	1.03145	14183.3	275.961	285.269	1.57488	284.729	
6	25	1	1.03145	14183.3	278.222	287.93	1.58071	299.376	
6	25	1	1.03145	14183.3	278.222	287.93	1.58071	299.376	
6	25	1	1.07587	13560.6	278.222	300.421	1.6198	299.376	
6	25	1	1.07587	13560.6	278.222	300.421	1.6198	299.376	
6	25	1	1.07587	13560.6	278.222	300.421	1.6198	299.376	
6	25	1	1.07587	13560.6	278.222	300.421	1.6198	299.376	
6	25	1	1.07587	13560.6	278.222	300.421	1.6198	299.376	
